212.4792   94  138  132  139  122
212.5208  300  783  704  785  731
212.5625  864  964  732  986 1045
212.6042  867  818  453  843 1057
212.6458  331  460  196  440  637
212.6875  126  284  149  237  346
213.1875    1    1    3    1    1
213.2292   36   40   60   28   25
213.2708  320  207  390  112   58
213.3125  399  391  609  278   86
213.3542  744  684  947  578  214
213.3958  867  864 1058  798  451
213.4375  913  974 1092  966  679
213.4792  813  965  999 1017  828
213.5208  381  591  543  615  569
214.2292  253   67  185   22   22
214.2708  633  256  553  117   52
214.3125  782  455  795  336   61
214.3542  854  646  960  569  156
214.3958  895  787 1020  781  397
214.4375  910  904 1037  922  627
214.4792  895  973  973 1010  848
214.5208  579  751  637  742  734
214.5625   65  323  262  288  309
214.6042   35  248  208  219  232
214.6458  165  370  187  322  455
214.6875   80  160   85  130  191
214.7708   12   27   15   17   34
215.2292  329   70  233   21   23
215.2708  678  252  579  130   50
215.3125  807  454  818  360   60
215.3542  838  621  936  574  160
215.3958  876  803 1039  796  411
215.4375  556  717  766  703  527
215.4792  426  829  799  839  731
215.5208  433  725  622  734  715
215.5625  176  457  348  440  474
215.6042  323  533  309  485  622
215.6458  265  355  192  325  441
215.6875  100  256  143  208  306
215.7708    5   11   10    9   11
216.2708    1   72   62   56   57
216.3125  131  270  343  223  156
216.3542   50  347  364  295  231
216.3958  284  416  493  408  278
216.4375  574  555  617  559  406
216.4792  392  587  579  597  510
216.5208  651  866  769  910  860
216.5625  809  915  673  948 1025
216.6042  674  823  441  801 1029
216.6458  207  292  143  259  374
216.6875  191  305  122  272  447
216.7292  117  166   77  122  238
216.7708    4   18   12   13   26
217.2292    3   17   15   15   14
217.2708    3   50   44   43   42
218.5625  581  804  586  821  901
218.6042  706  750  399  738  951
218.6458  749  607  176  567  899
218.6875  476  374   91  319  613
218.7292  102  127   63   92  198
218.7708   99   54   32   36  104
219.2292  142   73  151   42   38
219.2708  137  134  197   92   80
219.3125   89  268  336  224  144
219.3542  185  438  558  406  240
219.3958   47  457  480  411  330
219.4375   81  655  649  604  512
219.4792  183  575  539  531  480
219.5208    4  289  234  238  256
221.3125  766  411  748  337   59
221.3542  640  551  804  515  176
221.3958  501  580  735  565  315
221.4375  778  903 1039  951  655
221.4792  618  815  813  847  713
221.5208  680  852  735  882  854
221.5625  544  675  510  690  740
221.6042  395  497  272  474  615
221.6458  636  577  177  549  855
221.6875  463  310   62  266  534
221.7292  506  199   44  120  440
221.7708  140   61   34   39  126
222.2292  153   43  130   16   16
222.2708  635  227  546  128   48
222.3125  796  425  797  353   54
222.3542  891  617  957  589  152
222.3958  825  715  940  731  375
222.4375  679  732  841  771  540
222.4792  404  572  570  576  492
222.5208  189  433  373  401  395
222.5625   50  297  249  272  278
222.6042  696  721  424  733  895
222.6458  897  623  155  595  956
222.6875  761  423   51  348  785
222.7292  583  229   41  131  544
222.7708  201   43   18   17  122
223.2292  311   56  216   17   19
223.2708  727  241  599  133   47
223.3125  880  444  842  370   52
223.3542  950  636  994  609  149
223.3958  977  791 1053  806  392
223.4375  983  902 1053  948  631
223.4792  900 1001 1026 1063  869
223.5208  965  920  836 1002  933
223.5625  137  323  279  312  309
223.6042   22  255  203  226  243
223.6458   20  205  160  168  189
223.6875   39  155   94  124  179
223.7292  239  158   60  118  284
223.7708   52   16   13   11   32
224.2292  105   29   90   13   13
224.2708  482  216  491  129   58
224.3125  722  405  761  346   61
224.3542  899  629  982  606  163
224.3958  948  816 1066  834  436
224.4375  788  862 1013  924  624
224.4792  842  928  956 1008  830
224.5208  936  970  882 1062  990
224.5625  943  896  638  950 1045
224.6042  912  781  397  804 1039
224.6458  527  454  152  448  685
224.6875  581  409  103  343  695
224.7292  371  242   93  154  432
224.7708  146   61   29   33  122
225.2292  238   69  203   34   31
225.2708  187  186  315  133   89
225.3125   32  247  294  209  150
225.3542  334  476  670  454  205
225.3958   70  346  357  309  257
225.4375  218  576  586  548  454
225.4792  676  844  861  898  752
225.5208   68  407  353  371  368
225.5625  294  421  292  413  471
225.6042  696  704  433  734  877
225.6458    5  178  115  137  181
225.6875  519  410  111  335  682
225.7292  663  225   38  120  551
225.7708  193   36   14   12  117
226.2292  317   52  220   16   19
226.2708  732  235  598  135   47
226.3125  868  435  836  371   53
226.3542  925  624  982  606  150
226.3958  974  784 1053  810  391
226.4375 1002  900 1059  956  632
226.4792 1005  941  966 1005  818
226.5208  966  904  783  967  928
226.5625  958  865  593  911 1017
226.6042  949  784  384  806 1051
226.6458  905  612  148  598  961
226.6875  500  254   41  224  460
226.7292  444  148   34   79  365
226.7708  213   33   14   15   95
227.2292  297   50  211   16   18
227.2708  741  235  607  136   47
227.3125  891  440  855  379   52
227.3542  954  632 1004  619  149
227.3958  995  793 1070  824  397
227.4375 1002  897 1059  957  632
227.4792  985  950  977 1020  830
227.5208  992  946  825 1015  972
227.5625  977  887  619  942 1041
227.6042  952  776  382  801 1038
227.6458  903  616  141  597  968
229.3542  882  592  941  584  152
229.3958  476  614  746  609  374
229.4375   20  372  363  324  282
229.4792    5  289  270  247  228
229.5208    1   21   22   18   17
229.5625    3  203  169  169  175
229.6042    1  102   82   82   86
229.6458    1  108   80   91  101
229.6875    2   68   57   55   54
229.7292    2   23   19   18   19
229.7708    2    9    6    6    7
230.2292   67   24   62   13   13
230.2708  146  111  207   77   58
230.3125  180  296  459  270  119
230.3542   55  413  506  372  238
230.3958   11  421  416  359  309
230.4375    7  453  433  406  364
230.4792  149  497  453  494  467
230.5208   80  515  466  492  466
230.5625    3  338  296  313  304
230.6042   11  330  219  290  349
230.6458   10  259  173  224  266
230.6875    1   41   33   34   35
230.7292    1   32   27   27   28
230.7708    2    8    7    6    6
231.2292   55   15   41    8    7
231.2708  591  186  490  117   42
231.3125  785  390  783  346   53
231.3542  865  576  936  576  134
231.3958  903  735 1010  772  362
231.4375  924  857 1021  912  593
231.4792  929  923  957  992  803
231.5208  573  670  577  715  699
231.5625  780  824  592  884  963
231.6042  834  741  384  772  984
231.6458  783  579  154  573  904
231.6875  666  384   58  340  724
231.7292  142  119   48   91  213
231.7708   22   31   22   23   32
233.4792  166  325  313  330  293
233.5208  129  360  313  368  361
233.5625  304  541  401  563  614
233.6042  330  455  280  472  572
233.6458  319  363  156  347  504
233.6875   14  137  100  116  146
233.7292    2   64   46   47   60
233.7708    2    9    8    7    7
234.2292   53   24   51   16   16
234.2708  318  151  337  113   52
235.5625  625  644  477  716  768
235.6042  803  727  380  794 1004
235.6458  714  516  146  532  825
235.6875  682  374   58  350  740
235.7292  198   99   30   80  217
235.7708   77    9    9    8   12
236.2292  157   26  116   11   12
236.2708  659  194  541  122   44
236.3125  821  392  804  357   53
236.3542  886  579  959  594  134
236.3958  934  741 1035  801  371
236.4375  957  853 1038  944  606
236.4792  965  907  962 1012  805
236.5208  957  908  817 1014  951
236.5625  922  838  606  932 1007
236.6042  871  723  372  788  997
236.6458  824  566  143  588  922
236.6875  704  372   56  348  741
236.7292  467  165   39  119  425
236.7708   53   13   10   11   18
237.2292   98   23   85   12   11
237.2708  533  178  476  119   46
237.3125  728  373  755  344   61
237.3542  819  559  923  577  139
237.3958  857  713  997  774  364
237.4375  882  826 1008  918  592
237.4792  896  881  937  987  788
237.5208  881  889  800  992  932
237.5625  694  706  516  783  846
237.6042  747  728  386  797 1004
237.6458  464  471  137  488  756
237.6875  348  245   83  226  400
237.7292  321  186   79  146  345
237.7708   10   14   11   11   15
238.2292   15   17   23   14   10
238.2708  141  117  181   96   60
238.3125  202  257  392  230  112
238.3542  280  401  553  390  193
238.3958  329  552  690  561  346
238.4375  309  621  698  646  481
238.4792  345  692  707  729  616
238.5208  342  668  607  703  667
238.5625  382  658  518  695  734
238.6042  423  586  365  615  745
238.6458  393  441  191  446  642
238.6875  331  287  101  268  488
238.7292  244  138   56  110  278
238.7708   20   14    9   11   18
239.2292   24   21   34   16   13
239.2708  228  159  297  133   77
239.3125  242  323  474  290  164
239.3542  171  439  579  407  222
239.3958  455  654  845  664  383
239.4375  486  787  883  816  604
239.4792  551  882  894  935  797
239.5208  571  788  693  854  831
239.5625  117  430  357  404  416
239.6458    1   83   72   71   72
239.6875    1   38   38   33   30
239.7292    1   16   16   16   15
239.7708    1    4    3    3    4
240.2292    4    9   11    6    6
240.2708  163   89  190   74   33
240.3125  652  362  731  344   69
240.3542  768  541  904  574  143
240.3958  802  714 1012  801  379
240.4375  763  795  974  894  579
240.4792  686  795  839  897  726
240.5208  534  800  726  896  838
240.5625  158  416  338  423  438
240.6042  371  509  309  528  643
240.6458  550  492  158  514  782
240.6875  483  326   88  309  601
240.7292    7   54   39   51   69
240.7708    2   11    9    9   12
241.2292   14   12   18    9    8
241.2708  183  117  223   96   51
241.3125  368  295  522  282   97
241.3542  505  489  769  510  179
241.3958  552  641  884  702  363
241.4375  614  765  929  860  575
241.4792  611  771  812  864  706
241.5208  513  824  746  906  854
241.5625  579  726  548  814  870
241.6042  382  581  359  614  741
241.6458  408  447  204  454  646
241.6875  163  165   84  151  248
241.7292   96  103   54   88  164
241.7708    2   11    8    9   11
242.2292   27   16   33   12    9
242.2708  279  132  297  105   48
242.3125  403  293  535  280   90
242.3542  544  486  779  516  172
242.3958  650  658  922  732  367
242.4375  673  762  937  862  566
242.4792  676  819  881  931  744
242.5208  657  796  731  909  849
242.5625  587  714  536  807  863
244.2708   56  101  154   84   59
244.3125   55  234  336  220  125
244.3542  493  534  835  578  222
244.3958  749  715  971  788  419
244.4375  384  764  873  834  605
244.4792  589  624  639  708  603
244.5208  326  612  547  632  603
244.5625  143  442  343  426  459
244.6042  272  533  340  545  657
246.3125  256  249  406  240  106
246.3542  345  410  610  427  187
246.3958  431  565  762  623  347
246.4375  517  696  849  792  535
246.4792  623  782  847  905  722
246.5208  669  784  727  912  847
246.5625  688  746  558  867  928
248.2708  629  161  514  128   39
248.3125  851  360  802  372   50
248.3542  945  553  969  619  128
249.6458  879  523  113  594  939
249.6875  529  281   45  295  624
249.7292  316   96   34   86  244
249.7708    1    6    5    5    8
250.2292    9    8   11    7    6
250.2708  126   87  138   77   47
250.3125  259  238  385  234  104
250.3542  251  348  475  350  184
250.3958  313  493  619  524  332
250.4375  410  640  761  717  508
250.4792  457  729  783  824  672
250.5208  519  741  696  854  794
250.5625  602  715  552  838  889
250.6042  551  620  365  701  864
250.6458  478  482  213  511  726
250.6875  419  266   96  264  503
250.7292  183   78   38   69  146
250.7708    1    4    3    3    4
251.2292    4    6    6    5    4
251.2708   54   69   78   59   46
251.3125  240  228  361  229  106
251.3542  449  441  703  486  185
251.3958  569  638  902  738  388
251.4375  690  752  956  900  584
252.7292  174   79   33   72  178
252.7708    1    3    3    3    4
253.4375  858  776  994  936  590
253.4792  827  809  897  976  765
253.5208  735  780  729  943  873
253.5625  659  657  490  787  846
253.6042  333  402  242  463  563
253.6458  102  182   96  187  257
253.6875    8   74   55   69   86
253.7292    5   42   33   37   47
255.5208   26  361  345  368  331
255.5625    2  110  111  107  104
255.6042   69  319  216  332  387
255.6458    1   15   16   12   10
255.6875    6   27   25   22   20
255.7292    4   16   13   13   14
256.2708    2   15   13   13   12
256.3125    2   52   42   42   42
256.3542    2   77   61   63   66
256.3958    2   88   80   77   76
256.4375    2   89   86   84   85
256.4792    3  138  128  128  135
256.5208    2  123  115  113  114
256.5625    2  127  120  112  107
256.6042    2   73   70   65   61
256.6458    2   66   62   58   55
256.6875    1   36   31   29   28
256.7292    2   16   13   13   13
257.2708    2   17   14   14   14
257.3125    2   46   39   37   36
257.3542    1   76   69   66   61
257.3958    2  104   91   91   88
257.4375    2  181  152  147  148
257.4792    2  160  133  128  130
257.5208    1  102   89   87   84
257.5625    2   92   76   74   76
259.3542  840  498  907  604  132
259.3958  872  689 1005  841  405
259.4375  761  699  886  857  551
259.4792  948  839  928 1039  811
259.5208  889  821  762 1008  926
259.5625  615  622  472  739  782
259.6042  768  523  265  646  811
259.6458  797  463  100  557  869
259.6875  605  239   48  272  589
259.7292  258   56   20   56  167
259.7708    1    1    1    1    2
260.2292   48    4   28    4    3
260.2708  570  122  453  126   33
260.3125  813  325  783  381   49
260.3542  925  516  952  631  123
260.3958  974  674 1023  837  364
260.4375  978  783 1016  976  603
260.4792 1002  837  929 1035  804
260.5208 1003  831  770 1032  947
260.5625 1000  771  561  965 1026
260.6042  937  644  315  804 1010
263.6875  742  259   38  327  702
263.7292  312   50   18   58  165
264.2292   41    3   27    3    3
264.2708  596  119  468  123   32
264.3125  877  324  800  384   48
264.3542  967  516  967  637  113
264.3958 1004  673 1039  847  354
264.4375 1008  775 1022  981  591
264.4792  993  823  932 1038  790
264.5208  967  807  767 1025  928
264.5625  954  738  554  951  996
264.6042  923  615  315  799  988
264.6458  851  447   91  582  899
264.6875  626  247   54  316  645
264.7292  195   54   25   61  147
264.7708    1    1    1    1    2
265.2708    3   47   45   38   36
265.3125   60  190  236  172  120
265.3542  127  343  437  345  213
265.3958  416  530  735  620  334
265.4375  830  741  963  932  586
265.4792  671  732  816  919  720
265.5208  369  618  572  723  672
265.5625   90  422  351  426  434
265.6042   24  279  224  249  263
265.6458    2  129  109  106  111
265.6875    8   96   73   83   97
265.7292    4   22   16   18   22
266.2292   16    2    9    2    2
266.2708  517  106  418  117   31
266.3125  801  309  763  374   52
266.3542  902  492  929  614  116
266.3958  339  564  762  636  348
266.4375    7  284  257  254  241
266.4792  191  333  347  360  299
266.5208  397  406  374  457  429
266.5625  523  391  284  475  517
266.6042  309  310  195  364  430
266.6458  308  255   97  302  444
266.6875  115   65   31   76  124
266.7292  127   32   14   34   79
267.2292   13    2    8    2    1
267.2708  488   99  388  112   29
267.3125  774  294  739  361   47
267.3542  873  478  911  605  111
267.3958  946  640  999  821  342
267.4375  965  748  996  964  578
267.4792  975  796  909 1021  773
267.5208  955  781  746 1009  908
267.5625  952  717  539  941  982
267.6042  902  587  298  777  959
267.6458  781  409   81  544  841
267.6875  661  224   37  297  636
267.7292  221   33   14   39  102
268.2292   17    2   11    2    2
268.2708  533  101  415  117   29
268.3125  828  299  763  372   46
268.3542  922  491  944  627  111
268.3958  953  646 1014  833  347
268.4375  992  759 1014  981  589
268.4792 1008  811  930 1046  792
268.5208  986  798  765 1038  934
268.5625  983  743  557  978 1026
268.6042  781  611  311  791  982
268.6458  855  474  121  624  936
268.6875  689  263   68  346  699
268.7292  234   37   17   42  107
269.2292   13    3    9    2    2
269.2708  349  117  352  120   50
269.3125  502  301  629  334   89
269.3542  718  506  894  610  166
269.3958  685  599  889  743  357
269.4375  772  731  949  918  580
269.4792  932  808  920 1030  792
269.5208  747  727  694  921  837
269.5625  922  689  525  913  953
269.6042  929  593  302  794  981
269.6458  830  421   79  571  886
269.6875  727  229   38  316  679
269.7292  217   28   13   35   91
270.2292   12    2    9    2    2
270.2708  493   95  397  116   29
270.3125  800  297  767  381   52
270.3542  806  488  892  617  153
270.3958  640  637  912  780  398
270.4375  586  653  828  809  527
270.4792  683  727  807  896  706
270.5208  413  587  568  727  657
270.5625  882  757  591  987 1027
270.6042  361  433  278  519  614
270.6458  346  302  124  356  522
270.6875  176  147   64  168  276
270.7292    1   22   17   19   23
271.2708   14   43   55   38   31
271.3125  410  250  504  286   84
271.3542  883  472  928  622  113
271.3958  958  625  997  824  339
271.4375  924  653  882  867  522
271.4792  744  635  723  838  645
271.5208  926  756  729 1001  901
271.5625  878  691  526  932  972
271.6042  824  555  285  751  930
271.6458  385  237   73  302  444
271.6875   10   64   50   58   69
271.7292   91   30   21   27   39
273.6042  941  563  286  781  960
273.6458  860  391   70  556  859
273.6875  688  200   36  294  629
273.7292  110   15    9   18   37
274.2708  408   78  329   99   26
274.3125  215  219  383  233  113
274.3542  567  427  726  526  176
274.3958  663  579  847  718  350
274.4375  294  510  596  591  422
274.4792  314  591  649  686  536
274.5208  666  704  697  906  797
274.5625  883  649  502  889  924
274.6042  198  308  215  367  412
274.6458    1   78   73   67   62
274.6875    2   43   38   35   34
274.7292    2    5    5    4    4
275.2708  186   57  186   71   20
275.3125  762  328  794  435   98
275.3542  122  211  237  193  149
275.3958   73  396  513  427  251
275.4375  368  588  730  713  482
275.4792  214  515  548  591  481
275.5208  332  525  512  641  573
275.5625  542  592  461  779  804
275.6042  427  329  180  448  554
275.6458  249  219   81  284  408
275.6875  415  153   40  215  428
275.7292    5    9    8    9   12
276.2708  388   72  316  101   23
276.3125  761  259  705  357   44
276.3542  898  446  898  612  104
276.3958  942  601  979  822  338
276.4375  976  716  978  975  587
276.4792  936  781  895 1030  791
276.5208  581  726  695  911  824
278.3958    2   53   43   42   43
278.4375    2   93   76   76   78
278.4792    2   83   68   67   68
278.5208    2   66   54   52   54
278.5625    2  102   85   83   84
278.6042    3  221  183  203  209
278.6458    1   70   62   61   58
278.6875    1   41   35   36   35
278.7292    2    4    3    3    3
279.2708    3   27   36   25   18
279.3125  539  226  579  315   61
279.3542  694  406  812  567  128
279.3958  477  503  746  651  329
279.4375  213  384  458  444  309
279.4792  459  699  760  815  639
279.5208    2   96   92   91   82
279.5625    5   99   82   89   92
279.6042  126  204  143  238  282
279.6458   49  121   71  131  175
279.6875    9   60   43   59   72
280.2708  274   62  229   87   21
280.3125  461  222  575  297   59
280.3542  118  398  633  480  211
280.3958  226  414  542  461  276
280.4375   67  522  618  619  445
280.4792  740  723  851 1011  769
280.5208   92  224  207  250  233
280.5625  400  339  255  463  493
280.6042  171  334  218  438  501
280.6458  247  234   79  315  456
280.6875    4   41   26   44   58
280.7292    1    8    5    7   11
281.2708    2   11    9    9    9
281.3125    2   66   54   54   54
281.3542   54  224  244  221  170
281.3958  802  534  867  749  332
281.4375  917  677  958  958  559
281.4792  931  719  861 1012  749
281.5208  943  704  701 1001  882
281.5625  930  628  487  913  938
281.6042  877  503  257  750  915
281.6458  773  336   64  522  795
281.6875  383  124   31  197  383
281.7292    1    5    4    5    7
282.2708  410   64  322  106   22
282.3125  804  252  730  376   43
282.3542  924  438  920  636  106
282.3958  952  587  987  837  340
282.4375  941  682  962  963  565
282.4792  952  723  866 1015  755
282.5208  953  712  707 1010  897
282.5625  747  585  453  830  862
284.4375  972  670  956  961  559
284.4792  984  712  861 1015  748
284.5208  967  691  691  994  874
284.5625  934  614  478  904  928
284.6042  883  485  244  736  899
284.6458  757  312   55  497  763
284.6875  450  127   29  216  442
285.2708  334   53  266   93   19
285.3125  752  229  681  355   41
285.3542  880  409  874  609  100
285.3958  945  564  964  823  327
285.4375  987  666  954  961  557
285.4792 1001  713  865 1022  752
285.5208  987  695  698 1007  885
285.5625  947  615  479  912  936
285.6042  888  484  243  741  906
285.6458  778  314   54  507  777
285.6875  453  120   28  208  423
286.2708  301   50  246   88   19
286.3125  720  226  671  353   43
286.3542  871  408  876  612  103
286.3958  941  562  964  825  329
286.4375  971  664  954  963  559
286.4792  973  705  855 1016  752
286.5208  941  690  688 1004  894
286.5625  875  564  437  835  868
286.6042  717  431  216  646  802
286.6458  260  192   66  263  375
286.6875   90   87   48  105  165
287.2708   95   46   99   53   28
287.3125  519  192  547  287   41
287.3542  871  403  874  612  101
287.3958  940  554  957  820  326
287.4375  958  659  951  962  557
287.4792  984  706  861 1024  752
287.5208  974  669  677  982  860
287.5625  948  619  481  932  959
287.6042  759  406  211  629  761
287.6458   55   64   29   94  128
287.6875  245   64   18  117  247
288.2708   73   37   92   47   24
288.3125  191  169  319  207   83
288.3542  506  381  715  528  157
288.3958  516  442  719  609  266
288.4375  959  652  952  955  550
288.4792  960  692  849 1012  743
288.5208  947  679  688 1000  877
288.5625  940  609  478  922  945
288.6042  740  428  238  662  790
288.6458  575  327  119  486  702
288.6875  158  111   53  146  254
288.7292    1    8    5    7   11
289.2708  290   71  267  110   33
289.3125  116  153  260  171   90
289.3542   64  227  308  249  146
289.3958  416  414  653  562  266
289.4375  883  642  941  939  541
289.4792  980  684  832  999  739
289.5208  961  655  661  976  859
289.5625  986  614  481  940  961
291.3958  119  299  379  360  234
291.4375  669  555  761  823  518
291.4792  879  725  852 1055  797
291.5208  488  488  470  656  586
291.5625   14  220  192  245  241
291.6042   47  198  141  231  259
291.6458    2   92   74   91  102
291.6875   19   58   40   61   83
291.7292    1    3    3    3    3
292.2708   14   22   35   23   14
293.6458  174  113   66  159  209
293.6875  184   56   19   92  177
293.7292    1    2    2    2    3
294.2708  210   30  166   69   13
294.3125  707  199  645  361   38
294.3542  866  371  831  611  104
294.3958  902  524  921  822  327
294.4375  457  617  894  942  546
294.4792  920  652  787  977  719
294.5208  900  633  625  954  838
294.5625  855  565  428  859  885
294.6042  597  393  206  593  720
294.6458  629  277   72  449  679
296.6042  834  464  224  739  899
296.6458  803  281   39  495  776
296.6875  305   81   21  149  295
297.2708  184   27  156   66   12
297.3125  678  190  634  359   37
297.3542  850  365  838  620  100
297.3958  925  513  914  823  323
297.4375  966  614  899  956  549
297.4792  963  657  801 1006  734
297.5208  973  641  636  986  863
297.5625  940  563  420  886  913
297.6042  869  429  187  704  871
297.6458  751  263   37  468  732
297.6875  338   69   18  131  258
298.2708  195   28  159   70   16
298.3125  705  197  648  377   51
298.3542  902  372  852  639  113
298.3958  922  524  922  840  344
298.4375  868  586  848  914  537
298.4792  900  610  742  940  692
298.5208  967  643  638  995  875
298.5625  606  481  372  705  729
298.6042  200  159  113  213  239
298.6458  101   65   29  109  166
298.6875  340   64   16  124  244
299.2708   86   24   85   41   14
299.3125   31   88  129   95   57
299.3542    3  116  109   90   83
299.3958    1  132  118  101   98
299.4375    2  166  155  150  138
299.4792   83  242  250  287  241
299.5208  626  402  410  613  531
299.5625  898  539  417  868  880
299.6042  578  390  196  599  729
299.6458   64  165   97  192  242
299.6875  165   72   36  104  178
300.2708  211   41  175   84   23
300.3125  626  190  640  371   45
300.3542  919  365  864  642  101
300.3958  607  456  744  679  313
300.4375  120  267  330  347  239
300.4792  109  267  293  337  261
300.5208  133  285  278  344  304
300.5625  572  482  372  693  711
300.6042  906  465  222  752  915
300.6458  577  238   52  407  638
300.6875  341   97   42  146  257
300.7292    1    3    2    3    4
301.2708   71   14   47   23   10
301.3125  146  115  256  156   53
301.3542    1   81   72   67   66
301.3958    2  113   94   93   96
301.4375    1  179  144  148  154
301.4792    2  192  157  159  163
301.5208    4  247  210  222  220
301.5625  167  433  356  559  559
301.6042  536  396  206  622  747
301.6458  483  256   85  417  609
301.6875  101   50   23   72  124
302.2708    2   11   15   11    7
302.3125   46   92  132   91   48
302.3542  372  221  417  321   96
302.3958  831  521  900  820  348
302.4375  672  550  763  820  506
302.4792  254  290  320  365  288
302.5208   62  306  286  332  305
302.5625    4  157  149  154  144
302.6042    3   99   87  113  117
302.6458  230  158   72  221  301
302.6875  132   58   30   80  132
303.2708    2   11   12   10    8
303.3125   29   93  122  102   64
303.3542  194  253  393  327  151
303.3958  194  364  466  440  276
303.4375   11  264  243  241  222
303.4792   26  309  280  292  272
303.5208   12  297  261  281  271
303.5625   75  300  247  317  323
303.6042   21  162  131  154  161
303.6458    1   60   52   52   49
303.6875    1   11    9    9   10
304.2708   13   13   18   14   10
304.3125  567  225  591  371   91
304.3542  347  225  401  340  134
304.3958  615  385  660  623  280
304.4375  868  602  881  953  560
304.4792  899  627  782  994  718
304.5208  954  616  625  986  854
304.5625  936  499  381  817  840
304.6042  873  403  193  684  831
306.5625  509  435  354  667  675
306.6042   62  197  154  216  235
306.6458   10   96   77  102  112
307.2708    2    4    5    4    4
307.3125    1   21   20   19   18
307.3542    1   69   58   54   55
307.3958    1  113  102   99   95
307.4375  298  354  467  479  309
307.4792  472  391  446  507  388
307.5208   44  261  254  267  234
307.5625    3  172  150  161  157
307.6042  217  279  174  364  426
307.6458    2  109   84   99  107
307.6875    5   34   27   32   35
308.2708    2    5    6    5    4
308.3125   64   80  149  107   48
308.3542  148  170  300  238   93
308.3958  305  339  523  479  249
308.4375  693  528  746  806  500
308.4792  873  597  745  962  708
308.5208  587  427  423  674  602
308.5625  544  316  246  486  502
308.6042   81   99   72  116  132
308.6458   57   71   45   81  104
308.6875    1   11   11    9    9
309.2708   32   11   43   22    7
309.3125  346  153  379  255   73
309.3542  287  264  466  382  150
309.3958  599  445  731  668  312
309.4375  581  463  602  676  454
309.4792  748  544  641  840  643
309.5208  984  591  603  981  853
309.5625 1000  504  392  867  879
309.6042  302  141   81  228  269
309.6458   81   90   55  120  152
309.6875    1   14   13   14   15
310.2708  112    9   64   31    6
310.3125  546  124  480  280   30
310.3542  888  314  798  606   86
310.3958  969  459  879  812  304
310.4375 1010  559  868  946  525
310.4792 1023  603  771 1001  709
310.5208 1012  584  604  976  833
310.5625  981  507  392  874  882
310.6042  919  381  163  698  846
310.6458  760  231   41  464  705
310.6875  114   26   17   31   43
311.2708   94   20   70   39   15
311.3125  397  121  380  227   45
311.3542    2   56   56   44   38
311.3958    3   59   63   53   43
311.4375    1  111   91   86   91
311.4792  338  455  488  614  498
311.5208  599  646  622  888  792
311.5625  138  327  278  389  383
311.6042  128  257  184  310  342
311.6458   62  102   68  105  136
311.6875   70   42   28   37   46
312.2708   88   13   63   32    8
312.3125  624  181  607  368   58
312.3542  708  348  744  563  125
312.3958  179  289  396  376  213
312.4375   84  329  374  405  293
312.4792   18  306  293  331  283
312.5208  124  344  329  427  378
312.5625  556  409  332  655  652
312.6042  863  362  159  670  806
312.6458  701  196   31  407  615
312.6875   99   15   10   15   22
313.2708    9    3   10    6    3
313.3125  490  116  432  263   30
313.3542  728  263  682  517   72
313.3958  871  434  839  772  287
313.4375  919  520  820  894  491
313.4792  957  578  754  978  684
313.5208  880  561  588  945  804
313.5625  641  434  349  698  701
313.6042  160  206  157  266  281
313.6458   10  109   85  101  109
313.6875    1   21   16   20   22
314.2708    2    3    3    3    3
314.3125    2   59   53   53   49
314.3542    2   40   36   35   34
314.3958  196  195  291  277  165
314.4375  791  477  781  841  471
314.4792  707  493  630  798  576
314.5208    2  179  157  199  199
314.5625   36  178  131  212  232
314.6042  258  276  166  411  479
316.6458  179   55   31   85  117
316.6875   40   29   19   28   36
317.2708   55    4   33   16    3
317.3125  653  121  534  317   29
317.3542  904  294  794  609   79
317.3958  652  343  681  629  229
317.4375 1018  541  873  957  517
317.4792  747  483  641  825  571
317.5208  225  266  272  409  354
317.5625  850  484  412  861  838
317.6042  934  377  182  731  862
317.6458  673  208   64  414  576
318.2708   44    4   31   15    3
318.3125  585  109  488  289   28
318.3542  838  275  750  572   74
318.3958  935  418  842  781  283
318.4375  975  517  836  922  502
318.4792  758  571  708  918  672
318.5208  795  452  480  736  624
318.5625  317  285  235  460  463
318.6042  157  183  127  285  318
318.6458  273  134   63  221  298
320.6875    7    9    8   10   12
321.2708   21    6   22   12    4
321.3125  332   84  308  186   39
321.3542  712  242  633  498   81
321.3958  872  469  890  828  325
321.4375  995  551  869  954  528
321.4792 1030  572  769 1018  706
321.5208  994  541  584  959  807
321.5625  561  346  291  582  575
321.6042  616  413  224  703  825
321.6458  587  176   53  335  468
322.3125  252   78  245  165   36
322.3542  726  263  682  534   85
322.3958  935  409  846  792  280
322.4375  996  508  836  929  497
322.4792 1004  552  745  988  680
322.5208  982  534  583  961  799
322.5625  882  438  365  817  799
322.6042  811  325  154  654  771
322.6458  139   92   42  148  193
323.3125  535   92  429  259   27
323.3542  714  244  688  531   72
323.3958  675  359  688  669  280
323.4375  171  386  496  536  361
323.4792  778  577  774  979  672
323.5208  717  455  492  773  648
323.5625  200  186  148  266  276
323.6042  544  267  141  472  557
323.6458   73   86   50  110  143
324.2708    5    1    3    2    1
324.3125  528   88  422  256   26
324.3542  853  259  739  571   70
324.3958  955  403  841  789  275
324.4375  984  502  833  926  489
324.4792  999  544  740  981  669
324.5208  957  522  572  943  780
324.5625  940  451  371  846  829
324.6042  850  327  152  664  779
324.6458  623  126   28  277  384
325.3125  254   99  302  199   48
325.3542   22  152  191  169  109
325.3958   55  272  308  306  226
325.4375   64  343  376  393  304
325.4792   60  290  297  324  269
325.5208  721  480  537  831  681
325.5625  782  423  357  781  763
325.6042  693  271  132  546  637
325.6458  603  122   28  268  371
326.3125  466   80  374  230   25
326.3542  758  235  679  520   65
326.3958  756  376  752  714  271
326.4375  904  555  873  957  531
326.4792  529  596  784 1011  704
326.5208 1018  534  589  976  807
326.5625  986  457  378  869  851
326.6042  915  334  153  692  813
326.6458  376   59   21  123  168
327.3125  187   50  186  121   16
327.3542  808  238  700  538   62
327.3958  938  407  846  784  271
327.4375  453  365  558  567  307
327.5625   34  150  124  159  159
327.6042  424  161  121  251  269
328.3125   13   16   27   20   13
328.4375   33  266  265  288  239
328.4792  561  563  682  829  603
328.5208  929  618  677 1011  831
328.5625  859  434  370  808  787
328.6042  812  326  159  648  758
328.6458  527  111   33  236  316
329.3125  345   62  282  177   18
329.3542  827  241  724  553   61
329.3958  519  268  533  502  192
329.4375  950  466  793  878  460
329.4792 1009  525  729  966  652
329.5208 1012  514  576  952  779
329.5625  979  443  371  853  831
329.6042  908  322  151  680  794
329.6458  582  106   28  237  318
330.3958    9  192  177  182  165
330.4375   11  261  276  288  227
330.4792    9  126  116  106   97
330.5208    3  164  145  139  133
331.3125    2   30   27   25   23
331.3542    1   89   79   74   73
331.3958    1  161  144  141  134
331.4375    1  140  119  121  118
331.4792    9  233  217  222  201
331.5208   36  259  242  274  250
331.5625   27  187  156  205  210
331.6042    2  107   89  120  124
331.6458  314   82   53  121  149
332.3125    1   18   17   17   16
332.3542  120  157  303  252   82
332.3958  375  244  432  420  189
332.4375  808  510  830  921  495
332.4792 1021  539  755 1001  669
332.5208 1041  514  579  967  787
332.5625 1003  441  371  864  836
332.6042  925  317  148  683  793
332.6458  538   95   23  216  289
333.3125   20   38   65   48   26
333.3542    5  107  123  110   81
333.3958   19  203  233  219  156
333.4375  661  519  768  831  482
333.4792  526  439  560  705  500
333.5208  920  585  630  988  824
333.5625  965  439  374  851  826
333.6042  894  311  146  671  783
333.6458  520   91   23  208  279
334.3125  419   62  326  203   21
336.4792  985  502  714  950  631
336.5208  971  488  559  927  751
336.5625  906  413  356  817  787
336.6042  771  289  144  624  719
336.6458  392   82   24  180  237
337.3125  474   59  360  220   19
337.3542  876  225  723  556   53
337.3958  990  368  832  779  247
337.4375 1025  467  822  915  462
337.4792 1029  515  736  979  648
337.5208  992  499  574  953  771
337.5625  968  427  369  852  820
337.6042  886  306  150  669  772
337.6458  414   84   24  190  251
338.3125  413   54  318  196   18
338.3542  816  213  686  528   51
338.3958  948  356  808  756  239
338.4375  993  457  807  897  451
338.4792  998  501  717  953  629
338.5208  975  485  561  927  747
338.5625  936  418  364  834  799
338.6042  830  295  148  645  741
338.6458  363  106   36  213  282
339.3125  390   50  297  184   17
339.3542  825  211  686  528   50
339.3958  958  355  810  758  238
339.4375 1011  458  814  904  453
339.4792 1025  506  728  968  638
339.5208 1009  493  571  949  763
339.5625  967  424  369  850  815
339.6042  880  303  151  670  769
339.6458  401   83   23  191  251
340.3125  434   51  324  199   17
340.3542  854  214  706  541   49
340.3958  973  355  816  764  237
340.4375 1032  461  824  917  456
340.4792 1049  510  737  981  643
340.5208 1013  497  577  958  770
340.5625  992  426  373  860  822
340.6042  903  307  154  681  781
340.6458  431   85   23  197  258
341.3125  334   44  259  161   16
341.3542  745  197  643  495   49
341.3958  892  337  772  724  226
341.4375  966  442  789  880  438
341.4792  986  489  707  943  618
341.5208  973  478  557  925  740
341.5625  887  403  354  810  772
341.6042  801  285  146  629  717
341.6458  369   81   25  181  236
342.3125    1    3    5    4    4
342.3958    1   19   28   31   28
342.4375    1   25   38   46   40
342.4792    1   35   48   58   59
342.5208    1   21   30   35   38
343.3125    1   14   15   12   13
343.3542    2   99  121   96   91
343.4375  681  244  558  656  416
343.4792  881  384  591  888  594
343.5208  907  475  565  933  751
343.5625  872  411  375  846  798
343.6042  823  295  163  665  747
343.6458  401   85   28  197  253
344.3125  340   41  256  163   17
344.3542  792  199  659  519   55
344.3958  929  341  791  757  242
344.4375  959  441  794  902  457
344.4792  869  442  638  867  577
344.5208  985  481  571  957  764
344.5625  903  394  356  823  777
344.6042  810  286  158  652  728
344.6458  427   89   26  209  271
345.3125   30   22   38   28   14
345.3542  516  199  546  433   75
345.3958  725  281  629  612  209
345.4375  950  432  781  887  443
345.4792  969  484  709  958  626
345.5208  939  474  563  942  747
345.5625  871  402  365  826  776
345.6042  752  280  157  626  699
345.6458  345   83   29  188  239
346.3125    1   21   23   23   17
346.3542    3   91   88   86   75
346.3958   58  190  244  241  159
348.6042  884  317  182  702  781
348.6458  411   93   30  219  278
349.3125  262   32  197  126   14
349.3542  714  184  605  473   53
349.3958  442  353  654  620  256
352.5208 1018  488  598  981  769
352.5625  985  424  398  889  826
352.6042  905  307  176  710  785
352.6458  449   94   27  232  294
353.5208  267  485  595  976  761
353.5625  979  420  395  881  816
353.6042  849  294  172  678  745
353.6458  455   97   28  242  305
354.3125  252   29  187  119   14
354.3542  742  245  689  555  109
354.3958  590  417  754  716  307
354.4375   44  221  253  253  191
354.4792   88  271  303  335  261
355.3958    1  146  129  128  121
355.4375   24  272  274  283  237
355.4792   36  311  324  335  273
355.5208  467  388  431  605  488
355.5625  942  471  473  928  830
355.6042  894  329  215  729  785
355.6458  457   98   30  236  297
356.3125   26   15   37   28   10
358.4375   32  242  272  275  209
358.5208  103  301  279  326  299
358.5625  142  253  227  291  278
358.6042  388  203  135  378  419
358.6458  275  148   69  279  344
359.3125   42   22   56   40   16
359.3542  218  131  275  229   74
359.3958  727  295  671  635  206
359.4375  972  422  794  882  419
359.4792  984  472  714  949  601
359.5208  856  483  572  927  733
359.5625  250  295  276  459  426
359.6042    2  137  121  128  122
360.3125   23    9   29   21    7
360.3542  329  114  306  249   49
360.3958  853  306  754  708  204
360.4375  910  412  787  874  411
360.4792  931  471  719  951  599
360.5208  791  434  537  860  661
360.5625  907  410  388  850  782
360.6042  826  301  180  675  741
360.6458  425  103   30  245  311
361.3125    1    1    4    3    4
361.3542  194   10  115   85   36
361.3958  617   27  506  489  159
361.4375  974   47  798  910  438
361.4792  583  123  465  590  382
361.5208  889  413  523  839  655
361.5625  474  344  326  594  559
361.6042  441  327  244  605  642
361.6458  348  130   56  262  327
362.3125  211   23  153   97   13
362.3542  711  165  587  453   48
362.3958  901  314  777  727  207
362.4375  980  427  816  904  429
362.4792 1009  487  754  990  623
362.5208 1000  485  609  981  756
362.5625  997  432  419  910  833
362.6042  803  326  205  713  782
362.6458  333  107   48  222  272
363.3125  117   28  168  106   15
363.3542  223  117  305  238   60
363.3958  550  326  652  622  244
363.4375  655  503  809  866  470
363.4792  673  451  681  862  547
363.5208  989  479  598  965  742
363.5625  957  421  406  880  804
363.6042  565  269  175  549  600
363.6458  146  110   53  191  235
364.3125  243   22  163  102   11
364.3542  759  167  616  468   41
364.3958  927  314  783  728  200
364.4375  978  426  814  900  421
364.4792 1022  488  753  988  617
364.5208 1023  491  614  990  759
364.5625  987  435  420  908  829
364.6042  911  321  200  730  792
364.6458  547  122   33  302  381
365.3125  213   21  147   92   11
365.3542  713  160  582  443   40
365.3958  884  304  750  699  194
365.4375  941  418  786  869  411
365.4792  741  446  662  852  544
365.5208  874  453  569  907  694
365.5625  943  416  403  868  791
365.6042  843  305  191  688  746
365.6458  510  115   33  279  351
366.3125    1   22  165  101   11
366.3542    1  186  620  475   62
  1.3125  126   16   94   60    8
  1.3542  712  161  591  446   39
  1.3958  871  321  757  702  208
  1.4375  830  426  763  845  422
  1.4792  934  457  693  914  581
  1.5208  958  482  599  962  741
  1.5625  971  435  419  899  820
  1.6042  894  325  205  728  789
  1.6458  539  124   34  304  384
  2.3125  168   19  126   79    9
  2.3542  770  169  630  472   38
  2.3958  926  320  796  730  194
  2.4375  967  431  825  898  414
  2.4792 1036  495  761  991  616
  2.5208 1034  498  620  991  759
  2.5625 1004  449  434  916  833
  2.6042  904  342  221  744  804
  2.6458  623  140   44  331  415
  3.3125  207   21  153   93    9
  3.3542  735  166  619  462   36
  3.3958  910  316  792  728  192
  3.4375  977  427  820  895  410
  3.4792 1004  488  753  977  604
  3.5208 1004  491  610  972  742
  3.5625  947  437  417  893  815
  3.6042  888  331  204  737  801
  3.6458  631  135   34  331  420
  4.3125  218   21  157   95   10
  4.3542  742  175  628  469   43
  4.3958  657  267  641  584  164
  7.3542  783  179  634  481   51
  7.3958  956  329  797  740  205
  7.4375 1029  442  823  906  427
  7.4792  805  488  688  897  592
  7.5208  560  428  492  715  565
  9.6458  730  209   83  423  524
  9.6875    1   27   25   28   26
 10.3125    1    9   10    9    8
 10.3958    1  121  114  120  109
 10.4375  681  453  717  765  414
 10.4792 1013  512  758  970  618
 10.5208  788  522  587  888  717
 10.5625  467  406  364  643  608
 10.6042  817  346  223  712  776
 10.6458  738  169   46  385  494
 11.5208    1  185  121  153  166
 11.5625    1  196  156  176  164
 11.6042    1  152  137  138  130
 12.3125  247   25  179  107   13
 12.3542  797  181  654  482   44
 12.3958  948  336  824  746  199
 12.4375 1004  453  853  916  426
 12.4792 1021  518  791 1005  624
 12.5208 1042  525  654 1013  772
 12.5625 1007  471  457  932  844
 12.6042  932  364  236  771  830
 12.6458  779  178   47  415  530
 12.6875   14   13   13   15   17
 13.3125  261   26  188  111   12
 13.3542  786  181  656  480   41
 13.3958  949  335  817  737  193
 13.4375 1013  454  851  913  421
 13.4792 1046   36   49   69   48
 13.5208 1031  527  641 1010  779
 13.5625 1000  468  439  922  847
 13.6042  943  354  215  748  817
 13.6458  793  163   39  379  490
 13.6875   33   11   11   12   13
 14.3125  221   28  172  101   13
 14.3542  745  183  633  460   45
 14.3958  914  341  807  724  197
 14.4375  836  409  763  808  369
 14.4792  478  421  603  738  467
 14.5208  981  537  661 1006  763
 14.5625  989  486  466  931  842
 14.6042  928  374  242  766  826
 14.6458  715  186   48  425  546
 14.6875   28   13   13   16   19
 15.3125  203   25  153   92   13
 15.3542  705  173  595  436   43
 15.3958  895  332  787  714  195
 15.4375  957  449  827  888  410
 15.4792 1016  519  778  991  612
 15.5208 1026  530  646 1003  763
 15.5625 1011  480  454  930  845
 17.6042  933  391  250  789  856
 17.6458  788  212   57  473  612
 17.6875   44   17   16   19   21
 18.3125  265   29  199  113   12
 18.3542  758  180  632  454   36
 18.3958  922  335  796  708  185
 18.4375  962  460  828  885  419
 18.4792  704  441  611  777  513
 18.5208   96  250  248  366  316
 18.5625  737  361  332  669  616
 18.6042  636  303  197  589  634
 18.6458  509  149   41  308  410
 18.6875  119   33   22   33   41
 19.3125  265   30  202  115   13
 19.3542  763  206  667  479   51
 19.3958  917  338  801  709  183
 19.4375  973  456  831  877  404
 19.4792  959  514  759  952  593
 19.5208  954  519  621  950  731
 19.5625  938  475  443  894  817
 19.6042  898  373  234  748  811
 19.6458  760  214   49  478  626
 19.6875  131   16   15   18   21
 20.3125  285   30  205  116   13
 20.3542  760  185  644  460   37
 20.3958  926  339  801  710  182
 20.4375 1000  461  838  886  407
 20.4792 1007  532  784  984  612
 20.5208 1002  537  644  984  755
 20.5625  939  482  450  903  825
 20.6042  893  379  238  754  820
 20.6458  736  222   51  492  647
 20.6875  142   15   14   16   19
 21.3125  296   33  229  128   13
 21.3542  801  195  671  478   37
 21.3958  699  352  829  732  190
 21.4375    5  474  859  904  418
 21.4792  971  545  801 1000  626
 21.5208 1051  557  664 1015  783
 21.5625 1027  506  469  945  867
 21.6042  982  401  248  799  871
 21.6458  869  246   50  554  738
 21.6875  214   14   14   15   16
 22.3125    1   51  259  149   25
 22.6458    5  252   51  563  753
 22.6875    1   15   14   18   21
 23.3125  103   45  214  124   23
 23.3542  206  156  291  236   91
 25.5208    1   97   91   79   73
 25.5625    1  126  109   89   78
 25.6042    1  149  127  111   93
 26.3125  289   38  216  122   16
 26.3542  767  202  664  472   45
 26.3958  905  358  824  726  196
 26.4375  974  481  861  905  421
 26.4792 1009  549  800  995  622
 26.5208 1008  561  664 1005  773
 26.5625 1000  512  473  934  855
 26.6042  927  403  253  774  842
 26.6458  789  250   58  532  706
 26.6875  278   35   16   65   96
 27.3125  365   42  269  146   16
 27.3542  814  210  696  488   39
 27.3958  938  365  843  733  190
 27.4375  980  480  859  895  414
 27.4792  553  423  585  712  462
 27.5208  756  531  601  875  696
 27.5625  118  304  272  405  380
 27.6042    2  167  136  147  151
 27.6458   45  118   86  129  146
 27.6875  240   69   39   99  137
 28.3125    1    1    4    3    3
 28.3542    1    4   14   13   11
 28.3958    1    8   25   23   23
 28.4375    1    9   27   28   28
 28.4792    1   12   39   39   35
 28.5208    1   18  128   52   49
 29.3125    2    4  100   33   16
 29.3542    3    7  138   66   35
 29.3958  878   37  856  610  142
 29.4375  991  227  882  881  434
 29.4792 1034  565  832 1004  646
 29.5208  950  576  684  999  785
 29.5625  946  524  497  941  865
 29.6042  886  411  274  773  837
 29.6458  805  263   71  550  727
 29.6875  375   64   28  116  174
 30.3125  239   45  209  119   21
 30.3542  661  208  629  445   58
 30.3958  848  351  791  688  195
 30.4375 1003  544  936  950  461
 30.4792  912  602  824  977  650
 30.5208  540  612  661  881  722
 30.5625  520  366  362  599  535
 30.6042  983  442  299  841  902
 30.6458  818  270   69  555  731
 30.6875  343   37   17   68  103
 31.3125  107   24   89   49   13
 31.3542   90  117  216  157   58
 31.3958  435  361  691  587  210
 31.4375  631  484  789  780  395
 31.4792  538  513  689  796  529
 31.5208  671  630  695  941  756
 31.5625  674  571  545  864  777
 31.6042  959  542  388  926  981
 31.6458  614  292  133  520  642
 31.6875  446   94   48  165  235
 32.3125    1    9    8    8    8
 32.3958    1  179  177  181  158
 32.4375  118  394  606  639  355
 32.4792  226  382  472  557  397
 32.5208   59  345  338  381  329
 32.5625  115  289  253  317  304
 32.6042    1  207  182  209  201
 32.6458    1   75   65   70   68
 33.3958    1  416  539  514  336
 33.4375  283  492  618  646  451
 33.4792  397  509  598  697  532
 33.5208  316  452  475  606  517
 33.5625  178  320  289  379  364
 33.6042  145  221  173  287  304
 33.6458   87  243  145  359  424
 33.7292    1    2    2    2    2
 34.3542    1   94   90   88   78
 34.4792    1  342  320  324  302
 34.5208    1  341  319  323  304
 34.5625    1  314  292  302  284
 34.6042    1  225  204  208  200
 34.6458    1  108   96   96   93
 34.6875    3   34   29   29   29
 35.3125    1    3   13   12    9
 35.3542    1   12   52   48   38
 35.3958    1   23  102   93   72
 35.4375    1   25  109   98   76
 35.4792    5   39  207  166  130
 35.5208    3   41  222  173  134
 35.5625    1   32  176  132  104
 35.6042    1   21  117   89   70
 35.6458    1   13   85   55   43
 36.3125   13    3   30   25   12
 36.3542  414   16  346  278   63
 36.3958  762   28  547  516  128
 36.4375  671   40  617  662  220
 36.4792  724   42  660  843  323
 36.5208  217   44  498  645  304
 36.5625  148   41  453  634  314
 36.6042  380   30  340  672  426
 36.6458  412   16  121  411  366
 36.6875  238    6   38  132  156
 37.3125   71    3   96   64   22
 37.3542  298   17  704  502   74
 37.3958    6   27  922  804  207
 37.4375  405   34  962  996  449
 37.4792 1065   38  902 1096  741
 37.5208 1067   39  761 1107  917
 37.5625 1054   35  558 1034  993
 37.6042 1010   29  323  877  986
 37.6458  919   21   99  645  874
 37.6875  611    8   34  252  419
 38.3125  456    8  353  187   26
 38.3542  878   22  772  536   60
 38.3958  999   34  921  793  233
 38.4375 1056   51  952  974  476
 38.4792 1054  102  891 1070  688
 38.5208 1071  315  751 1082  845
 38.5625 1051  451  550 1012  932
 38.6042  985  424  314  851  925
 38.6458  865  299   90  607  804
 38.6875  525  122   31  232  378
 39.3125  316   86  302  174   40
 39.3542  719  250  691  489   72
 39.3958  902  418  883  762  229
 39.4375  971  549  928  949  463
 39.4792 1002  624  876 1050  675
 39.5208  994  636  740 1062  831
 39.5625  962  575  535  977  899
 39.6042  900  482  322  848  916
 39.6458  730  308  105  549  719
 39.6875  220   89   34  157  244
 39.7292    1    8    6    8   10
 40.3125  433   76  354  187   29
 40.3542  813  256  741  515   63
 40.3958  928  415  873  752  227
 40.4375 1007  552  929  950  466
 40.4792 1025  625  871 1041  673
 40.5208 1023  651  755 1064  837
 40.5625  990  622  560 1018  956
 40.6042  923  521  343  884  963
 40.6458  672  240  120  371  462
 42.6042   45  260  222  287  284
 42.7292    1    2    2    1    2
 43.3125    1    8    9    9    8
 43.3542    1   45   53   55   51
 43.3958   48  158  197  198  177
 43.4375  170  386  521  513  353
 43.4792  310  436  536  606  451
 43.5208  692  590  712  976  747
 43.5625  687  542  527  897  820
 43.6042  433  406  289  657  719
 43.6458  798  322   97  586  784
 43.6875  541  134   34  259  438
 43.7292    1    6    6    7    9
 44.3958  690  453  873  759  281
 44.4375  344  490  673  681  426
 44.4792    8  285  302  282  230
 44.5208    1  210  216  195  167
 44.5625    1  151  140  135  127
 44.6042    1  141  119  123  127
 44.6458    1   78   65   67   70
 44.6875    1   34   29   30   30
 45.3125    1   44   50   44   34
 45.3542    5  150  180  159  115
 45.3958    2  232  223  222  202
 45.4375    2  317  303  314  286
 45.4792    3  290  266  271  257
 45.5208    1  267  235  247  243
 45.5625   45  256  234  257  245
 45.6042  405  458  318  669  740
 45.6458  472  281  125  446  574
 45.6875  283  111   43  180  293
 45.7292    1    8    6    8   11
 46.3125    1   36   29   30   31
 46.3542    1  126  121  119  108
 46.3958   23  356  482  439  271
 46.4375    1  299  335  325  251
 46.4792    2  284  285  274  241
 46.5208   26  348  341  368  327
 46.5625  498  393  358  546  518
 46.6042  529  390  278  597  647
 46.6458  514  291  118  473  622
 48.6042    1  167  144  145  145
 48.6458    1  107   91   93   93
 48.6875    1   42   36   37   37
 48.7292    1    4    4    4    4
 49.2708    1    2    2    1    1
 54.4375  230  464  610  634  400
 54.4792  820  714  912 1075  744
 54.5208  972  747  802 1080  886
 54.5625  992  684  596 1013  966
 54.6042  947  547  329  853  962
 54.6458  917  378   86  625  876
 54.6875  541  154   28  267  470
 55.2708   48   11   57   22    6
 55.3125  148   98  232  135   54
 55.3542  150  230  411  310  116
 55.3958  192  325  531  471  216
 55.4375  438  504  747  762  429
 55.4792  530  617  781  915  639
 55.5208  562  574  612  846  702
 55.5625  300  419  356  595  582
 55.6042  231  330  224  453  504
 55.6458  277  286  131  390  520
 55.6875  224  132   75  158  246
 55.7292   75   41   24   48   82
 56.2708   25    9   40   16    6
 56.3125  110   99  207  126   56
 56.3542  249  188  334  251  100
 56.3958  874  556  990  828  307
 56.4375  941  644  964  948  508
 56.4792  586  661  793  901  646
 56.5208  295  570  576  726  616
 56.5625  745  652  569  930  886
 56.6042  468  474  329  641  696
 56.6458  798  471  180  684  916
 56.6875  753  264   81  415  731
 56.7292  114   33   19   46   91
 57.2708   57   18   65   29   13
 57.3125  160   98  214  124   63
 57.3542    1  121  109  104   99
 57.3958    3  268  262  253  219
 57.4375   43  404  419  414  338
 57.4792   67  399  395  400  344
 57.5208   31  327  303  309  284
 57.5625   27  264  234  243  235
 57.6042    1  153  129  122  125
 57.6458    3  130  111  115  116
 58.2708    1    5    5    4    4
 58.3125   37   27   27   22   20
 58.3542  135  266  376  285  160
 58.3958   58  217  232  223  175
 58.4375  556  619  914  890  484
 58.4792  344  636  765  833  595
 58.5208  151  492  509  609  508
 58.5625  187  511  442  652  631
 58.6042  156  367  265  421  465
 58.6458  118  213  155  213  237
 58.6875    1   18   15   14   14
 59.2708    1    2    2    2    2
 59.4792    1  171  176  173  169
 59.5208    1  164  159  160  158
 59.5625    1  111  106  104  100
 59.6875    1   43   34   37   38
 60.5208    4  445  398  432  415
 60.5625    2  329  284  300  295
 60.6042    2  278  231  253  256
 60.6458    1  241  196  215  221
 61.4792    2  339  299  306  293
 61.5208    1  281  243  254  247
 61.5625    1  282  237  245  245
 61.6042    1  258  210  242  249
 61.6458    1  157  123  148  157
 63.3125    7  116  121  100   95
 63.3542   40  287  343  264  213
 63.3958  627  554  925  774  359
 63.4375  948  682 1037 1025  561
 63.4792  873  766  953 1083  779
 63.5208  891  746  801 1078  899
 63.5625 1008  701  607 1039 1002
 63.6042  989  587  360  883  999
 63.6458  929  427  119  653  908
 63.6875  772  234   47  366  683
 63.7292  188   39   16   58  139
 64.2708  147   26  132   46   14
 64.3125  710  224  656  338   82
 64.3542  513  408  674  500  224
 64.3958  382  445  664  584  308
 64.4375  918  674 1017  989  532
 64.4792 1039  747  955 1092  754
 64.5208 1043  757  807 1101  913
 64.5625 1016  699  591 1025  991
 64.6042  964  579  342  859  979
 64.6458  231  417  108  628  884
 64.6875   34  231   41  356  673
 65.2708   34   15   46   20   11
 65.3125  615  215  634  325   72
 65.3542  828  376  836  566   94
 65.3958  933  549  967  812  303
 65.4375  620  598  811  815  496
 65.4792  704  670  813  949  681
 65.5208  885  709  733 1017  853
 65.5625  906  675  551  961  941
 65.6042  823  573  328  815  943
 65.6458  556  333  109  469  650
 65.6875  444  238   88  297  527
 65.7292  101   49   25   56  104
 66.2708   66   31   91   39   16
 67.6458  768  427  116  593  849
 67.6875  689  279   66  376  700
 67.7292   95   50   25   51  100
 69.6042   27  301  241  284  301
 69.6458  347  366  177  432  578
 69.6875  625  251   67  332  634
 69.7292  262   46   19   61  152
 70.3125   41  110  170  117   60
 70.3542   23  200  257  209  127
 70.3958   63  213  269  239  154
 70.4375  427  510  669  665  414
 70.4792  598  661  778  876  642
 70.5208  602  664  659  874  757
 70.5625  346  527  429  643  649
 70.6042   56  339  269  333  353
 70.6458   69  271  184  268  322
 70.6875  232  209   97  236  381
 70.7292  174   67   37   69  130
 71.2708   22   21   48   20    9
 71.3125  207  155  326  170   54
 71.3542   92  238  340  244  129
 71.3958  274  406  602  499  243
 71.4375  457  538  667  631  412
 71.4792  277  539  554  581  479
 71.5208   17  371  324  347  341
 71.5625   10  316  255  280  294
 71.6042   51  298  202  301  354
 71.6458  187  314  161  353  466
 71.6875  540  285   95  346  631
 71.7292  190   65   25   77  181
 72.2708  220   43  192   60   18
 72.3125  583  198  571  270   45
 72.3542  864  406  878  571   82
 72.3958  950  572  974  793  289
 72.4375  991  718 1007  982  549
 72.4792  903  744  887 1006  720
 72.5208  963  749  749 1006  857
 72.5625  684  621  493  838  834
 72.6042  796  596  338  800  940
 72.6458  262  285  158  329  417
 72.6875   80  101   64   97  154
 72.7292   16   25   25   28   30
 73.2708  275   46  230   68   18
 73.3125  831  240  725  336   43
 73.3542  964  438  937  606   84
 73.3958 1041  604 1021  829  306
 73.4375 1068  726 1022  986  548
 73.4792 1082  794  944 1064  762
 73.5208 1085  802  794 1072  924
 73.5625 1072  748  583 1011 1017
 73.6042  926  647  345  858 1031
 73.6458  687  427  114  564  826
 73.6875  406  188   51  236  429
 74.2708  162   45  163   58   20
 74.3125  801  242  709  334   47
 74.3542  838  419  880  576   84
 74.3958 1021  606 1015  824  307
 74.4375 1043  724 1011  977  546
 74.4792 1060  794  936 1057  762
 74.5208 1058  806  789 1066  926
 74.5625 1058  754  584 1009 1017
 74.6042 1033  632  336  854 1016
 74.6458  974  471  102  637  942
 74.6875  856  281   38  377  763
 74.7292  193   47   16   58  146
 75.2708  321   53  262   74   18
 75.3125  784  238  694  324   41
 75.3542  934  433  906  590   85
 75.3958 1006  605 1005  817  308
 75.4375 1034  727 1010  974  549
 75.4792 1038  793  933 1048  759
 75.5208 1037  801  784 1056  917
 75.5625 1025  736  568  979  992
 75.6042 1000  634  336  847 1013
 75.6458  820  459  118  603  886
 75.6875  284  154   57  192  313
 75.7292    8   32   27   30   32
 76.2708    1   15   12   12   13
 76.3125  111  139  201  140   84
 76.3542  603  413  740  528  169
 76.3958  720  606  913  782  372
 76.4375 1017  739 1020  998  572
 76.4792 1060  807  946 1074  781
 76.5208 1000  815  794 1081  946
 76.5625  616  645  501  834  851
 76.6042 1017  674  353  879 1064
 76.6458  967  488  105  644  964
 76.6875  860  291   38  382  781
 76.7292  444   70   19   86  240
 77.2708  210   48  188   61   17
 77.3125  740  243  682  321   47
 77.3542  878  432  881  576   97
 77.3958  912  592  964  786  311
 77.4375  882  678  934  904  516
 77.4792  511  590  680  764  561
 77.5208  698  702  685  914  794
 79.3958   86  256  438  392  321
 79.4375    2  261  291  293  291
 79.4792    2  274  315  309  297
 79.5208    1  283  305  303  283
 79.5625    2  307  299  311  301
 79.6042    1  283  273  272  259
 79.6458    1  165  153  155  151
 79.6875    1   96   85   88   88
 79.7292    1   28   24   25   25
 80.2708  449  103  347   95   28
 80.3125  847  293  755  359   55
 80.3542  962  477  951  626  111
 80.3958 1025  642 1037  850  343
 80.4375 1056  767 1044 1009  588
 80.4792 1025  834  958 1079  804
 80.5208  845  767  722  974  878
 80.5625  994  852  655 1072 1100
 80.6042  412  444  297  495  562
 80.6458  204  370  187  391  519
 80.6875  550  301   99  340  642
 80.7292  147  104   52  100  188
 81.2708    6   42   60   38   24
 81.3125  145  151  285  171   59
 81.3542  912  515  974  639  134
 81.3958  989  697 1069  887  391
 81.4375  981  839 1077 1072  675
 81.4792  167  351  335  391  343
 81.5208   10  289  250  291  278
 81.5625    1  235  206  206  200
 81.6042  767  776  475  905 1050
 81.6458  470  425  207  475  631
 81.6875  533  288  118  317  579
 81.7292  315  129   63  123  294
 82.2708   78   46  131   51   18
 82.3125  771  273  716  339   50
 82.3542  658  396  755  495  106
 82.3958  900  607  948  779  336
 82.4375  423  384  486  480  310
 82.4792  435  526  571  646  507
 82.5208  771  841  794 1014  909
 82.5625  830  669  519  830  848
 82.6042  894  626  350  802  953
 82.6458  785  497  139  622  912
 82.6875  279  189   54  217  387
 82.7292   91   39   18   42   99
 83.2708  235   97  267   91   43
 83.3125  474  266  602  305   76
 83.3542  756  456  862  572  121
 83.3958  916  647 1014  823  342
 83.4375  776  747  983  944  567
 83.4792  682  752  839  930  707
 83.5208  904  818  773 1024  917
 83.5625  929  775  582  985 1021
 83.6042  818  638  337  802  977
 83.6458  611  422  133  512  739
 83.6875   37  152  100  138  185
 83.7292   12   50   38   43   56
 84.2708  373   86  327   92   28
 84.3125  753  281  720  339   49
 84.3542  912  480  927  602  105
 84.3958  968  647 1013  819  334
 84.4375  986  764 1011  966  571
 84.4792  974  823  931 1031  772
 84.5208  966  824  780 1029  918
 84.5625  935  769  577  965  998
 84.6042  923  656  341  820 1001
 84.6458  710  425  104  517  777
 84.6875  389  231   74  248  482
 84.7292  238   97   38   95  236
 85.2292    1    2    8    2    2
 85.2708  123   86  201   80   45
 85.3125  269  271  451  274  132
 85.3542  202  386  525  407  228
 85.3958  353  537  697  603  362
 85.4375  372  602  705  690  488
 85.4792  461  770  792  872  724
 85.5208  583  796  773  947  838
 85.5625  327  637  539  734  726
 85.6042  116  417  315  430  471
 85.6458   51  277  190  269  329
 85.6875  261  224   82  228  384
 85.7292  130   79   44   74  151
 86.2708    1   44   44   37   33
 86.3125    9  142  147  122  104
 86.3542   34  244  260  229  183
 86.3958  401  525  696  592  341
 86.4375  977  774 1017  970  583
 86.4792  577  582  639  701  542
 86.5208  125  281  256  284  267
 86.5625  182  439  354  482  493
 86.6042  176  260  214  279  288
 88.4792    9  289  258  248  234
 88.5208   30  282  252  277  265
 88.6042    1   39   33   30   31
 88.6458    2   85   67   66   70
 88.6875    1   91   77   77   76
 88.7292   13   51   34   41   60
 88.7708    1    8    4    5    8
 89.2292    1    4   15    3    3
 89.2708  484  141  459  137   53
 89.3125  434  293  547  302  117
 89.3542  237  390  505  396  232
 89.3958  104  404  452  408  294
 89.4375   56  413  405  403  343
 89.4792  960  883  969 1083  830
 89.5208 1075  893  832 1089  977
 89.5625 1079  847  644 1029 1053
 89.6042  436  483  316  537  604
 89.6458   15  164  133  138  143
 89.6875    1  148  132  120  116
 89.7292   44   89   55   80  132
 89.7708    1    3    3    3    3
 90.2292    1    7   30    6    5
 90.2708  362  139  390  130   54
 90.3125  774  384  819  424  102
 90.3542  589  499  784  542  188
 90.3958   84  370  444  385  248
 90.4375   29  312  312  285  234
 90.4792   26  386  376  367  315
 90.5208  522  870  797  975  891
 90.5625  911  875  663 1046 1087
 90.6042  440  551  354  602  693
 90.6458  196  312  178  303  398
 90.6875   84  200  134  182  238
 90.7292  247  154   83  143  296
 91.2292    1    2    6    2    2
 91.3125    2  128  117  104   98
 91.3542    2  212  187  179  171
 91.3958   19  383  387  360  298
 91.4375    1  272  230  227  229
 91.5625    7  321  259  270  281
 91.6042    5  309  255  271  278
 91.6875    1   45   38   38   37
 91.7292    1   33   28   28   27
 91.7708    1    3    3    3    3
 92.2292    2    7   31    6    6
 92.2708  484  139  447  129   51
 92.3125  795  343  772  384   77
 92.3542  893  541  952  645  167
 92.3958  898  704 1024  856  411
 92.4375  767  799  976  962  646
 92.4792  670  797  826  939  778
 92.5208  388  674  582  754  729
 92.5625  224  511  391  531  561
 94.4375  912  781  945  928  616
 94.4792   93  401  367  387  357
 94.5208  298  551  485  559  532
 94.5625  508  525  406  598  619
 94.6042  442  642  367  731  874
 94.6458  697  540  157  607  901
 94.6875  251  214   77  221  372
 94.7292   31   70   44   56   88
 94.7708    1    5    4    4    6
 95.2292    5    6   27    5    4
 96.5625 1035  836  594  983 1039
 96.6042  990  718  352  829 1033
 96.6458  917  568  123  634  980
 96.6875  547  328  102  324  587
 96.7292  378  157   52  131  359
 97.2708    1   82  170   71   32
 97.3125   96  201  372  202   63
 97.3542  199  503  851  560  153
 97.3958  584  770 1065  881  446
 97.4375  821  660  768  733  514
 97.4792  400  466  469  487  413
 97.5208   28  565  505  612  576
 97.5625  204  563  464  566  572
 97.6042  165  334  279  323  331
 97.6458   12  270  164  280  356
 97.6875  112  491  130  498  946
 97.7292  808  186   71  162  425
 97.7708  462    9    7    9   10
 98.5208    2  258  222  219  213
 98.5625  141  620  483  639  660
 98.6042   20  276  228  236  239
 98.6458   10  174  133  152  171
 98.6875    6  117   76  106  138
 98.7292    1   27   22   23   24
 98.7708    1    3    2    2    2
 99.2708    1    5   21   15   13
 99.3958    1   64  391  216  159
 99.4792    1   53  279  209  150
 99.5208   28   74  436  282  200
 99.5625    9   61  351  234  162
 99.6042    1   37  211  160  103
 99.6458    2   33  179  144  101
100.2292  109    6   82   17   11
100.2708  629   34  504  155   58
100.3125  869   54  799  356   83
100.3542  979   70  979  606  113
100.3958 1006  135 1063  835  296
100.4375 1033  669 1067  975  658
100.4792 1016  929  981 1069  859
100.5208 1033  929  826 1084 1002
100.5625  995  851  601  989 1053
100.6042  914  725  360  826 1034
100.6458  764  554  150  604  921
100.6875  504  348   93  341  662
100.7292  254  110   46   90  228
100.7708    1   10    7    8   13
101.2292    2    4    4    3    3
101.2708    1   33   27   27   27
101.3125    1   74   62   64   63
101.3542    1  128  106  107  107
101.3958    2  238  202  211  209
101.4375    2  248  209  217  216
101.4792    1  301  253  266  267
101.5208    1  336  288  305  305
101.5625   22  461  376  438  456
101.6042  409  766  421  849 1044
101.6458  132  587  278  583  787
101.6875   77  188  116  166  220
101.7292  125   54   28   47   78
102.2292   39   15   45   10    8
102.2708  493  170  463  138   48
102.3125  746  377  776  380   66
102.3542  878  579  959  635  162
102.3958  944  749 1041  852  402
102.4375  972  867 1046 1001  639
102.4792  909  909  956 1051  822
102.5208  811  865  757  988  917
102.5625  934  847  589  960 1028
102.6042  914  719  349  795 1004
102.6458  845  558  127  588  924
102.6875  748  361   54  343  742
102.7292  497  144   34  106  373
102.7708   37    9    6    8   14
103.2292   97   21   78   12   10
103.2708  539  178  488  139   45
103.3125  826  394  813  391   59
103.3542  937  596  983  641  156
103.3958  965  762 1044  849  407
103.4375 1009  876 1045  992  639
103.4792 1000  927  957 1049  831
103.5208  988  922  796 1042  975
103.5625  955  849  583  952 1025
103.6042  917  724  348  795 1008
103.6458  851  561  126  586  925
103.6875  715  361   58  341  734
103.7292  475  148   36  107  385
103.7708   29    8    6    6   11
104.2292   47   18   55   12    9
104.2708  127  132  231  109   65
104.3125  153  274  396  263  136
104.3542  545  509  782  549  195
104.3958  888  734 1007  818  392
104.4375  923  884 1036  972  639
104.4792  187  610  583  592  511
104.5208  124  592  497  591  581
104.5625  409  729  524  774  834
104.6042  259  542  355  532  618
104.6458  584  470  161  485  718
104.6875  374  248   76  223  458
104.7292  321  124   34   90  304
104.7708    4    7    5    6    9
105.2292   95   27   93   14   14
105.2708  441  209  443  155   88
105.3125  183  349  467  313  183
105.3542  163  334  448  318  162
105.3958    1  102  106   92   79
105.4375    1  108   95   90   89
105.5208    1  190  152  153  161
105.5625    3  312  257  264  267
105.6042   35  360  282  335  355
105.6458  129  372  219  350  449
105.6875  612  434  161  387  722
105.7292  385  174   73  136  361
106.2292   44   18   50    9    9
106.2708  243  102  197   77   54
106.3125  169  156  216  140   83
106.3542  706  554  833  556  192
106.3958  807  727  949  772  408
106.4375  738  834  972  921  616
106.4792  741  894  891 1000  829
106.5208  626  550  453  587  580
106.5625  511  636  467  670  712
106.6042   97  316  231  302  334
106.6458    6  233  175  212  233
106.6875  174  225  117  193  335
106.7292  189  117   49   94  212
107.2292    1    3    2    2    2
107.2708    1   18   15   15   14
107.3125    1   36   31   30   29
107.3542    1   61   49   50   51
107.3958    1   94   77   77   80
107.4375    7  314  267  263  256
107.4792  144  534  506  553  484
107.5208  582  737  641  809  757
107.5625  533  739  517  802  865
107.6042  596  709  372  757  943
107.6458  250  439  180  435  620
107.6875  585  384  120  349  645
107.7292  154  104   56   85  158
108.2292  144   32  119   15   14
108.2708  597  197  519  145   46
108.3125  803  397  786  378   55
108.3542  914  589  943  616  159
108.3958  950  744 1004  812  390
108.4375  977  852  999  947  617
108.4792  966  910  922 1016  815
108.5208  900  894  767  990  930
108.5625  915  840  573  924 1006
108.6042  288  455  281  444  528
108.6458  400  404  166  385  555
108.6875  337  186   81  160  299
108.7292  372  122   38   77  302
108.7708   33   11    8    8   13
109.2292  215   36  156   15   16
109.2708  675  213  556  153   53
109.3125  792  407  792  390   69
109.3542  695  597  907  629  226
109.3958  713  758  989  826  453
109.4375  829  845  994  928  615
109.4792  774  881  885  957  787
109.5208  740  856  731  954  913
109.5625  635  813  566  874  957
109.6042  457  552  326  558  677
109.6458    2  161  136  129  131
109.7292    2   33   23   28   39
110.2292   79   44  108   28   23
110.2708  525  222  524  166   66
110.3125  670  380  727  351   58
110.3542  892  609  969  624  165
110.3958  920  797 1057  846  425
110.4375  934  894 1044  980  654
110.4792  837  822  823  904  747
110.5208  632  720  624  798  756
110.5625  705  714  513  774  832
110.6042  242  440  276  423  509
110.6458   57  267  170  235  298
110.6875  243  276  109  235  433
110.7292  117   99   50   78  154
111.2292  210   77  194   41   40
111.2708  493  283  552  201  110
111.3125  686  439  780  387   94
111.3542  853  688 1005  671  244
112.6875  139  252  133  212  347
112.7292  316  174   82  128  313
112.7708  101   22   17   16   34
113.2292   35   33   55   22   18
113.2708  388  178  398  138   47
113.3125  835  433  837  401   58
113.3542  969  646 1022  659  178
113.3958  999  799 1069  853  419
113.4375 1013  905 1055  984  651
113.4792 1011  956  963 1045  850
113.5208  997  957  798 1040 1008
113.5625  781  769  500  816  924
113.6042  420  486  277  492  604
113.6458  303  379  182  352  488
113.6875   54  203  123  167  241
113.7292   82   95   58   71  143
113.7708   13    7    7    6   11
114.2292    6   24   29   20   17
114.2708  254  207  343  161  104
114.3125  262  346  466  291  174
114.3542   12  278  270  236  207
114.3958   70  429  474  411  302
114.4375  549  761  842  785  562
114.4792  967  948  970 1036  831
114.5208  966  933  791 1013  967
114.5625  942  859  569  921 1027
114.6042  293  410  242  416  504
114.6458  224  434  225  401  535
114.6875    2   93   80   77   77
115.2292    1   20   15   16   18
115.2708  160  188  297  144   85
115.3125  282  382  669  353  109
115.3542   61  418  497  385  253
115.3958   40  309  306  268  228
115.4375   18  332  308  288  263
115.4792    3  308  277  274  257
115.5208   26  353  309  313  303
115.6042   77  258  154  231  287
115.6458  219  389  188  340  490
115.6875  235  270  120  232  399
115.7292  106  143   77   99  190
115.7708    4   14   12   11   13
116.2292    1   19   16   14   14
116.2708    2   94   91   81   71
116.3125  242  284  362  252  159
116.3542  495  621  946  619  219
116.3958  416  823 1029  850  504
116.4375  371  526  576  552  415
116.4792  738  887  893  968  796
116.5208  662  916  781  984  942
116.5625  717  830  574  881  971
116.6042  330  462  280  460  558
116.6458  101  268  149  247  326
116.6875  268  261  103  221  423
116.7292  496  244   98  164  468
116.7708   99   24   14   14   56
117.2292    1   16   12   12   13
117.3125    1   54   52   48   44
117.3542    1   84   86   79   66
117.3958    2  125  112  112  106
117.4375    1  154  133  142  139
117.4792   78  477  430  444  416
117.5208  266  640  565  629  594
117.5625  168  544  407  521  562
117.6042  236  393  236  367  457
117.6458  605  512  188  501  746
117.6875   72  176  113  154  202
117.7292   76  110   72   86  145
117.7708    3   16   13   13   18
118.2292    1   16   13   13   14
118.3125    1  150  126  126  123
118.3542    1  270  235  227  218
118.4375    1  306  259  246  240
118.5208    3  286  232  226  234
118.5625    2  167  141  133  132
118.6458   21  273  184  218  265
118.6875   27  237  149  196  265
118.7708    1    6    6    5    5
119.2292    1   14   13   12   13
119.2708  240  211  317  169  109
119.3125  683  481  843  440  139
119.3542  480  439  601  421  224
119.3958   10  270  267  244  222
119.4375    2  359  327  300  284
119.4792    2  317  277  293  287
119.5208    2  282  246  256  251
119.5625   20  359  304  313  313
119.6042    1  227  199  191  184
119.6875    1  119   98   99  101
119.7292    1   60   49   47   48
119.7708    1   16   13   13   14
120.2292    1    2    3    2    3
120.2708    1    7   11   11   11
120.3125    1   18   37   35   35
120.3542    1   33   66   69   70
120.3958   10   60  107  116  111
120.4375    4   49  101  114  162
120.4792    1   54  133  260  251
120.5208    1   51  160  152  156
120.5625   62  232  404  446  499
120.6042   69  415  316  352  411
120.6458   19  263  203  212  246
120.6875    2  155  121  131  149
120.7292    1   74   58   59   68
120.7708    1   17   13   13   16
121.2292  316   64  208   26   27
121.2708  552  247  566  160   72
121.3125    1  192  169  161  161
121.3542   19  372  365  320  288
121.3958  283  724  879  727  471
121.4375  575  882  978  939  689
121.4792   57  465  409  449  420
121.5208  474  775  674  821  769
121.5625  557  721  506  753  822
121.6042  510  610  331  614  774
121.6458  526  509  157  474  743
121.6875  382  366  120  293  555
121.7292  223  189   89  129  292
121.7708    1   33   23   25   35
122.2292  218   44  144   18   16
122.2708  592  232  539  145   50
122.3125  535  417  694  346  109
122.3542  489  550  774  522  224
122.3958  494  683  829  671  409
122.4375  695  882  991  915  651
122.4792  421  611  600  613  521
122.5208  596  813  702  848  813
122.5625  331  757  562  752  809
122.6042  142  522  353  479  562
124.3542    1  208  176  179  181
124.3958  299  506  558  500  359
124.4375  381  704  740  682  522
124.4792  206  360  334  364  320
124.5208  682  823  692  846  814
124.5625 1004  925  616  949 1054
124.6042  576  632  380  617  740
124.6458  865  657  156  609  984
124.6875  814  441   63  349  797
124.7292  604  241   58  122  529
124.7708   12   26   20   18   34
125.2292  309   74  232   26   25
125.2708  693  265  603  163   52
125.3125  836  469  836  394   62
125.3542  901  667  970  631  214
125.3958  925  808 1012  815  445
125.4375  870  839  936  876  612
125.4792  930  961  940 1005  836
125.5208  937  954  789  994  965
125.5625  917  890  587  911 1017
125.6042  883  773  360  762 1002
125.6458  826  609  138  558  918
125.6875  722  399   58  314  715
125.7292  554  209   41  107  475
125.7708  142   38   14   15  104
126.1875    3    3    5    2    2
126.2292  128   59  127   34   31
126.2708   21  130  149  103   83
126.3125   67  242  278  206  149
126.3542  765  743 1051  717  289
126.3958  959  852 1094  883  471
126.4375  980  936 1051  979  678
126.4792  838  882  859  918  771
126.5208  982  968  800 1002  973
126.5625  967  903  592  917 1029
126.6042  844  752  351  737  970
126.6458  692  605  162  543  875
126.6875  277  295  108  232  415
126.7292  313  189   71  113  344
126.7708   80   32   13   15   72
127.2292  416   89  298   28   29
127.2708  743  284  635  169   55
127.3125  767  478  823  398   79
127.3542  919  681 1007  646  207
127.3958  867  806 1007  797  440
127.4375  665  826  885  827  615
127.4792  251  647  608  605  537
127.5208  333  733  637  734  705
127.5625  145  479  363  456  492
127.6042   35  328  251  292  326
127.6458  280  541  237  475  692
127.6875  175  304  146  255  390
127.7292   98  133   82   91  177
127.7708   25   38   22   26   44
128.1875    3    3    7    2    2
128.2292  293  108  272   53   43
128.2708  560  287  589  202   82
128.3125  543  432  721  384  107
128.3542  714  614  897  587  212
128.3958  692  834 1020  844  501
128.4375  360  445  478  431  327
128.5208  203  603  491  575  577
128.5625  631  852  603  850  928
128.6042  282  379  223  359  444
128.6458  234  186  122  160  199
128.6875   51  146   91  117  175
128.7292   45   80   64   64   85
129.2292    1    6    5    5    5
129.2708    1   34   28   27   28
129.3125    1   38   31   30   30
129.3542    1   73   59   56   56
129.3958    1   68   56   52   52
129.4375    1   68   57   54   54
129.5625    1  135  112  106  107
129.6042    1  160  125  126  134
129.6458    5   77   58   64   69
129.6875    1   35   28   28   29
129.7292   54   95   58   66  122
129.7708  119   53   24   28  102
130.2292    1   28   23   23   23
130.2708    1   77   63   62   63
130.3125    1  218  184  179  177
130.3542   14  452  479  397  304
130.3958  250  602  684  572  397
130.4375   37  470  430  412  377
130.4792  144  640  583  603  551
130.5208  496  898  751  912  897
130.5625   10  315  273  271  261
130.6042    1  195  153  157  169
130.6458  642  639  224  574  883
130.6875  393  306   85  244  475
130.7292    3   88   60   69  102
130.7708  228   58   21   21  153
131.1875    2    2    4    2    1
131.2292   14   53   62   40   35
131.2708   12  154  164  125  105
131.3125   28  271  293  223  177
131.3542   12  327  319  277  244
131.3958  138  558  582  514  403
131.4375  156  641  633  599  504
131.4792  202  665  613  636  577
131.5208  146  676  557  632  632
131.5625  106  539  420  482  507
131.6042  453  709  383  652  844
131.6458  288  312  151  272  387
131.6875   15  119   67   96  146
131.7292  359  182   61  110  336
132.2292   12   42   59   29   21
132.2708  283  226  416  153   65
132.3125  642  475  807  391   76
132.3542  798  671  967  622  221
132.3958  515  856 1022  837  513
132.4375  640  818  848  803  619
132.4792   28  322  273  285  281
132.5208  783 1032  858 1029 1007
132.5625  513  662  435  646  741
132.6042  530  625  313  585  772
132.6458  380  442  181  374  560
132.6875  557  357   92  256  597
132.7292  730  275   68  122  577
132.7708  287   71   28   28  180
133.2292    2   20   18   15   15
133.2708   63  167  188  134  114
133.3125    3  189  187  150  131
133.3542  164  440  491  382  270
133.3958  218  714  790  670  473
134.6875   59  194  126  151  201
134.7292  228  124   45   61  241
134.7708   88   46   27   30   68
135.2292    2   25   20   20   21
135.2708    2   86   69   69   71
135.3125   31  244  239  203  170
135.3542   40  333  324  278  240
135.3958   13  376  346  315  290
135.4375  112  586  575  542  458
135.4792  244  709  675  688  601
135.5208   48  344  288  311  310
135.5625  403  688  484  659  736
135.6042   70  476  291  403  503
135.6458  586  743  281  630  953
135.6875  626  452  126  346  699
135.7292   56   97   61   71  114
135.7708    1    6    6    5    5
136.1875    1    2    2    1    1
136.2292   27   39   60   24   18
136.2708  523  267  538  164   60
136.3125  734  489  826  400   84
136.3542  296  579  778  527  246
136.3958   35  361  326  302  282
136.4375   60  546  509  484  436
136.4792  208  706  661  679  608
136.5208   66  416  344  360  364
136.6042   40  460  322  398  458
136.6458    5  166  130  136  147
138.2708  763  307  647  169   50
138.3125  889  509  862  399   56
138.3542  956  694  992  623  201
138.3958  983  840 1040  806  433
138.4375  999  941 1029  932  654
138.4792 1005  988  946  990  838
138.5208  971  975  790  972  960
138.5625  973  913  590  893 1017
138.6042  932  800  362  746 1007
138.6458  801  610  131  518  880
138.6875  744  440   58  315  745
138.7292  641  261   52  121  546
138.7708  284   66   20   19  181
139.1875   15    4   12    3    3
139.2292  239   79  207   29   25
139.2708  665  293  608  163   55
139.3125  802  500  841  389   68
139.3542  875  687  980  613  206
139.3958  895  821 1017  784  424
139.4375  915  912 1002  909  637
139.4792  919  958  919  966  817
139.5208  807  882  719  885  873
139.5625  692  808  526  793  908
139.6042  632  668  371  645  806
139.6458   51  220  167  187  210
139.6875  152  249  128  186  299
139.7292  359  216   90  130  362
139.7708  182   82   40   44  172
140.1875   24    5   18    4    3
140.2292  467  114  327   31   31
141.4792  377  673  637  652  567
141.5208  106  460  401  427  411
141.5625  477  745  539  705  769
141.6042   23  226  208  213  198
141.6458  106  263  150  223  295
141.6875  284  296  115  213  414
141.7292  540  238   49  106  470
141.7708   23   19   16   15   20
142.1875   38    6   26    4    4
142.2292  507  121  346   30   32
142.2708  786  315  653  167   51
142.3125  896  516  862  395   57
142.3542  925  695  983  612  202
142.3958  984  847 1043  802  433
142.4375  987  940 1023  921  649
142.4792  980  989  941  982  837
142.5208  706  864  669  844  867
142.5625  926  961  617  936 1076
142.6042  814  734  365  694  909
142.6458  654  581  191  517  807
142.6875  265  381  151  296  535
142.7292   91  174   94  126  224
143.1875   22    7   24    4    4
143.2292  375  109  288   39   35
143.2708  704  324  654  178   62
143.3125  759  510  829  391   74
143.3542  892  694  982  609  204
143.3958 1026  879 1084  830  449
143.4375 1034  980 1069  956  676
143.4792 1002 1020  977  999  850
143.5208 1049 1032  841 1013 1005
143.5625 1007  974  643  935 1076
143.6042  572  673  379  640  816
143.6458  614  617  213  543  851
143.6875  459  376   96  280  595
143.7292  410  186   39   94  366
143.7708    1   24   16   19   28
144.1875   41    8   33    5    5
144.2292  537  133  377   33   35
144.2708  787  329  676  176   53
144.3125  906  532  884  406   60
144.3542  964  714 1009  630  210
144.3958  946  840 1031  794  434
144.4375  594  671  719  644  466
144.4792  531  793  731  759  668
144.5208  641  831  681  816  799
144.5625  719  861  566  829  939
144.6042  751  757  362  693  924
144.6458  555  512  146  432  704
144.6875  639  419   72  294  681
144.7292  572  263   55  124  527
144.7708  179   76   29   31  176
145.2292    2   77  107   49   42
145.3125   34  515  857  405   75
145.3542  896  681  947  600  216
145.3958  778  792  957  763  442
145.4375  106  397  388  354  302
145.4792   33  347  329  315  283
145.5208  779 1037  897 1032  979
145.5625  983  981  677  969 1075
145.6042  986  847  416  787 1040
145.6458  842  658  193  566  914
145.6875  865  493   78  355  813
145.7292  693  275   61  123  554
145.7708  270  106   46   44  224
146.2708   23  132  126  102   93
147.5208  416  835  682  782  788
147.5625  131  504  389  445  477
147.6042  222  584  364  502  615
147.6458  377  538  239  455  664
147.6875  282  317  131  245  417
147.7292  146  145   80   92  201
148.1875   44    8   28    5    5
148.2292  487  130  354   33   34
148.2708  793  329  667  169   53
148.3125  911  541  895  406   58
148.3542  973  722 1020  630  208
148.3958 1001  867 1064  810  442
148.4375 1014  966 1050  935  663
148.4792 1033 1025  980 1006  858
148.5208 1043 1026  832 1001  995
148.5625 1022  971  630  928 1064
148.6042 1020  860  395  785 1062
148.6458  982  699  155  585  993
148.6875  925  514   58  358  856
148.7292  780  323   71  139  636
148.7708  178   94   36   34  206
149.1875   66    9   44    6    6
149.2292  569  139  386   31   35
149.2708  831  338  686  171   51
149.3125  935  541  892  404   56
149.3542  972  718 1008  622  207
149.3958  995  865 1058  806  441
149.4375 1011  967 1048  934  665
149.4792 1005 1011  960  988  846
149.5208  989 1004  809  980  980
149.5625  932  914  587  876 1017
149.6042  236  464  276  412  517
149.6458  261  493  250  411  571
149.6875   70  203  107  151  234
149.7292  130  128   59   74  189
149.7708   62   31   14   14   59
